---------------------------------
/home/pi/Pictures/Chessboard/chessboard11.jpg


ret: 0.227962436341
mtx: [[ 584.70873624    0.          351.81700749]
 [   0.          597.64399085  240.54417823]
 [   0.            0.            1.        ]]
dist: [[ 0.10533119  0.60365494  0.0094155   0.00783797 -2.95226026]]
rvecs: [array([[ 0.16843972],
       [-0.64714607],
       [-3.02756903]])]
tvecs: [array([[  1.63149069],
       [  1.87342728],
       [ 15.13512239]])]
---------------------------------
/home/pi/Pictures/Chessboard/chessboard3.jpg


ret: 0.2217422725
mtx: [[ 498.21145587    0.          330.64027757]
 [   0.          499.24514577  245.27378315]
 [   0.            0.            1.        ]]
dist: [[ 0.11751809  0.17618464  0.00586114 -0.00199215 -1.4334916 ]]
rvecs: [array([[ 0.12391841],
       [-0.55616498],
       [-3.04032193]]), array([[ 0.0631612 ],
       [-0.12857558],
       [-0.14885175]])]
tvecs: [array([[  2.17721794],
       [  1.78852507],
       [ 12.87987169]]), array([[ -3.9871506 ],
       [ -2.50697845],
       [ 13.97065294]])]
---------------------------------
/home/pi/Pictures/Chessboard/chessboard10.jpg


ret: 0.236712141875
mtx: [[ 490.10621377    0.          333.05251098]
 [   0.          490.50548448  246.01739505]
 [   0.            0.            1.        ]]
dist: [[ 0.1092487   0.13953474  0.00514886  0.00206461 -1.0895908 ]]
rvecs: [array([[ 0.13551659],
       [-0.55185439],
       [-3.04207601]]), array([[ 0.0615108 ],
       [-0.13608026],
       [-0.14907974]]), array([[-0.35624623],
       [-0.09718424],
       [-3.01859377]])]
tvecs: [array([[  2.11520514],
       [  1.7703924 ],
       [ 12.67124215]]), array([[ -4.05528531],
       [ -2.52779422],
       [ 13.69551028]]), array([[  1.44689351],
       [  1.86664088],
       [ 11.4842123 ]])]
---------------------------------
/home/pi/Pictures/Chessboard/chessboard4.jpg


ret: 0.250599371313
mtx: [[ 491.6817236     0.          330.88167279]
 [   0.          492.09465573  243.29998408]
 [   0.            0.            1.        ]]
dist: [[  1.14230487e-01   1.61179102e-01   4.43849002e-03   7.84884386e-04
   -1.20360769e+00]]
rvecs: [array([[ 0.12917601],
       [-0.55797939],
       [-3.04029274]]), array([[ 0.05954271],
       [-0.13443649],
       [-0.14865009]]), array([[-0.36460974],
       [-0.10256416],
       [-3.01809506]]), array([[-0.3684269 ],
       [ 0.35685499],
       [ 3.0788772 ]])]
tvecs: [array([[  2.17104738],
       [  1.84099297],
       [ 12.70120542]]), array([[ -3.99189371],
       [ -2.45089897],
       [ 13.7548208 ]]), array([[  1.49804163],
       [  1.93029946],
       [ 11.50730537]]), array([[  3.75358155],
       [  1.80839353],
       [ 11.5165934 ]])]
---------------------------------
/home/pi/Pictures/Chessboard/chessboard6.jpg


ret: 0.255586863243
mtx: [[ 489.90044308    0.          333.01699677]
 [   0.          490.261539    244.65154691]
 [   0.            0.            1.        ]]
dist: [[ 0.11599444  0.10412071  0.00439977  0.00302905 -0.96278046]]
rvecs: [array([[ 0.13608531],
       [-0.55584696],
       [-3.04142058]]), array([[ 0.05955383],
       [-0.13842253],
       [-0.14886254]]), array([[-0.35567257],
       [-0.10111111],
       [-3.01907351]]), array([[-0.3743465 ],
       [ 0.35460749],
       [ 3.07746568]]), array([[-0.22865646],
       [-0.13940421],
       [-3.02873069]])]
tvecs: [array([[  2.11589405],
       [  1.80548366],
       [ 12.66225695]]), array([[ -4.05321698],
       [ -2.48907169],
       [ 13.68700345]]), array([[  1.44789058],
       [  1.89830648],
       [ 11.47676712]]), array([[  3.70379263],
       [  1.77654494],
       [ 11.49211713]]), array([[  3.08934025],
       [  2.45778452],
       [ 10.8849442 ]])]
---------------------------------
/home/pi/Pictures/Chessboard/chessboard1.jpg


ret: 0.258928191974
mtx: [[ 490.90139477    0.          330.68903089]
 [   0.          491.45137733  242.86110198]
 [   0.            0.            1.        ]]
dist: [[ 0.13616778 -0.06678551  0.00288981  0.0007781  -0.56647701]]
rvecs: [array([[ 0.12767973],
       [-0.56151286],
       [-3.03985445]]), array([[ 0.0567997 ],
       [-0.13415721],
       [-0.14858907]]), array([[-0.36417733],
       [-0.10754431],
       [-3.01828345]]), array([[-0.36722145],
       [ 0.36065072],
       [ 3.07860484]]), array([[-0.23604174],
       [-0.14469702],
       [-3.02802299]]), array([[ 0.1276434 ],
       [-0.16155426],
       [-0.08015866]])]
tvecs: [array([[  2.17647026],
       [  1.85156428],
       [ 12.67843583]]), array([[ -3.98696092],
       [ -2.43827016],
       [ 13.75111628]]), array([[  1.50276457],
       [  1.93989311],
       [ 11.49178748]]), array([[  3.75863281],
       [  1.81932455],
       [ 11.49804326]]), array([[  3.1419848 ],
       [  2.49792431],
       [ 10.89397257]]), array([[ -1.9238199 ],
       [ -2.07658324],
       [ 11.11893907]])]
---------------------------------
/home/pi/Pictures/Chessboard/chessboard9.jpg


ret: 0.253103544976
mtx: [[ 491.44765297    0.          330.52547727]
 [   0.          491.97673671  242.96134504]
 [   0.            0.            1.        ]]
dist: [[ 0.13600395 -0.05416812  0.00308289  0.00062115 -0.60904482]]
rvecs: [array([[ 0.12701909],
       [-0.56106895],
       [-3.03984485]]), array([[ 0.05711158],
       [-0.13403349],
       [-0.14860735]]), array([[-0.36528713],
       [-0.10701861],
       [-3.01808543]]), array([[-0.3669556 ],
       [ 0.36029145],
       [ 3.07870872]]), array([[-0.23686332],
       [-0.14422894],
       [-3.02793665]]), array([[ 0.12812131],
       [-0.16149835],
       [-0.08021893]]), array([[ 0.28095837],
       [-0.41139461],
       [-3.07393878]])]
tvecs: [array([[  2.18052068],
       [  1.84907666],
       [ 12.69301574]]), array([[ -3.98215448],
       [ -2.44114264],
       [ 13.76639675]]), array([[  1.50628651],
       [  1.93759652],
       [ 11.50397148]]), array([[  3.76234221],
       [  1.81701701],
       [ 11.51025606]]), array([[  3.14547779],
       [  2.49563079],
       [ 10.9059405 ]]), array([[ -1.91995278],
       [ -2.07869871],
       [ 11.13045273]]), array([[  3.07821426],
       [  3.4309159 ],
       [ 13.23510247]])]
---------------------------------
/home/pi/Pictures/Chessboard/chessboard5.jpg


ret: 0.253514339036
mtx: [[ 491.43861617    0.          329.96430051]
 [   0.          491.87434928  242.44110996]
 [   0.            0.            1.        ]]
dist: [[  1.42495696e-01  -1.38592487e-01   3.04700849e-03   6.27540339e-05
   -3.42108283e-01]]
rvecs: [array([[ 0.12544265],
       [-0.56116317],
       [-3.03960854]]), array([[ 0.05710612],
       [-0.13312137],
       [-0.1485378 ]]), array([[-0.367729  ],
       [-0.10753322],
       [-3.01784302]]), array([[-0.36540522],
       [ 0.36069291],
       [ 3.07915567]]), array([[-0.23871694],
       [-0.14419828],
       [-3.02783406]]), array([[ 0.1275339 ],
       [-0.16083145],
       [-0.08016016]]), array([[ 0.27965685],
       [-0.41174334],
       [-3.07377706]]), array([[-0.4650279 ],
       [ 0.16761092],
       [ 3.08414605]])]
tvecs: [array([[  2.19493674],
       [  1.86306474],
       [ 12.69292424]]), array([[ -3.96585409],
       [ -2.42639336],
       [ 13.76979525]]), array([[  1.519415  ],
       [  1.94989019],
       [ 11.4989423 ]]), array([[  3.77530892],
       [  1.82922948],
       [ 11.50656209]]), array([[  3.15825417],
       [  2.5074818 ],
       [ 10.90227147]]), array([[ -1.90658534],
       [ -2.06694297],
       [ 11.13162957]]), array([[  3.09331969],
       [  3.4452446 ],
       [ 13.23334775]]), array([[  2.46473649],
       [  1.982253  ],
       [ 13.06345895]])]
---------------------------------
/home/pi/Pictures/Chessboard/chessboard7.jpg


ret: 0.262111363867
mtx: [[ 491.65155116    0.          330.12741813]
 [   0.          491.98586896  242.35478665]
 [   0.            0.            1.        ]]
dist: [[ 0.1364249  -0.10255398  0.00314524  0.00062547 -0.40101205]]
rvecs: [array([[ 0.12716562],
       [-0.56130407],
       [-3.03962122]]), array([[ 0.05733035],
       [-0.13446806],
       [-0.14852584]]), array([[-0.36632027],
       [-0.10715078],
       [-3.01807351]]), array([[-0.36716521],
       [ 0.36046462],
       [ 3.07892203]]), array([[-0.23711401],
       [-0.14371996],
       [-3.02803141]]), array([[ 0.12740352],
       [-0.16239564],
       [-0.08010201]]), array([[ 0.28144921],
       [-0.41167107],
       [-3.07365258]]), array([[-0.46689985],
       [ 0.1677092 ],
       [ 3.08384576]]), array([[ 0.06092882],
       [ 0.17343144],
       [-3.10112812]])]
tvecs: [array([[  2.19074836],
       [  1.86554597],
       [ 12.69529679]]), array([[ -3.96998746],
       [ -2.42386686],
       [ 13.76445013]]), array([[  1.51587711],
       [  1.95199683],
       [ 11.50231253]]), array([[  3.77061165],
       [  1.83139125],
       [ 11.51063635]]), array([[  3.1549022 ],
       [  2.50962546],
       [ 10.90861901]]), array([[ -1.90979639],
       [ -2.06501973],
       [ 11.12882871]]), array([[  3.08828634],
       [  3.44795649],
       [ 13.23724541]]), array([[  2.4595104 ],
       [  1.98446761],
       [ 13.06482831]]), array([[  2.75174885],
       [  2.48606465],
       [ 13.98854006]])]
---------------------------------
/home/pi/Pictures/Chessboard/chessboard0.jpg


ret: 0.262085145343
mtx: [[ 487.81498745    0.          329.12852055]
 [   0.          488.43282635  242.42813235]
 [   0.            0.            1.        ]]
dist: [[ 0.13677025 -0.12821515  0.00211301 -0.00043614 -0.33364032]]
rvecs: [array([[ 0.12335514],
       [-0.56182181],
       [-3.03952675]]), array([[ 0.05541658],
       [-0.13086853],
       [-0.1485617 ]]), array([[-0.36657045],
       [-0.10958636],
       [-3.01796032]]), array([[-0.36149091],
       [ 0.36154749],
       [ 3.07968342]]), array([[-0.23831721],
       [-0.14614098],
       [-3.02772251]]), array([[ 0.12558041],
       [-0.15724177],
       [-0.08020207]]), array([[ 0.27651342],
       [-0.41244497],
       [-3.07388097]]), array([[-0.46060839],
       [ 0.16860608],
       [ 3.08469194]]), array([[ 0.05815348],
       [ 0.17006462],
       [-3.10160535]]), array([[ 0.0925073 ],
       [ 0.09943232],
       [-0.0557111 ]])]
tvecs: [array([[  2.21721029],
       [  1.86304828],
       [ 12.58850241]]), array([[ -3.94309042],
       [ -2.42589621],
       [ 13.67700136]]), array([[  1.54029078],
       [  1.95004625],
       [ 11.41138987]]), array([[  3.79567668],
       [  1.82965159],
       [ 11.41372061]]), array([[  3.17800732],
       [  2.5080047 ],
       [ 10.81438359]]), array([[ -1.88878371],
       [ -2.06723526],
       [ 11.060549  ]]), array([[  3.11642575],
       [  3.44510962],
       [ 13.12417574]]), array([[  2.48829851],
       [  1.9829147 ],
       [ 12.96445339]]), array([[  2.78075841],
       [  2.48532593],
       [ 13.87723321]]), array([[ -2.64479612],
       [ -2.14248106],
       [ 11.89962182]])]
---------------------------------
/home/pi/Pictures/Chessboard/chessboard2.jpg


ret: 0.257729172429
mtx: [[ 489.29916       0.          329.32870144]
 [   0.          489.93362954  241.90382916]
 [   0.            0.            1.        ]]
dist: [[ 0.13931029 -0.14295487  0.00185137 -0.00058372 -0.31074773]]
rvecs: [array([[ 0.12320911],
       [-0.56362912],
       [-3.03920891]]), array([[ 0.05505063],
       [-0.13089411],
       [-0.14845765]]), array([[-0.36766427],
       [-0.11100682],
       [-3.01798227]]), array([[-0.36195038],
       [ 0.36329035],
       [ 3.07950333]]), array([[-0.23939202],
       [-0.14742698],
       [-3.02768199]]), array([[ 0.1251564 ],
       [-0.15739032],
       [-0.08001084]]), array([[ 0.27683678],
       [-0.41418061],
       [-3.07359209]]), array([[-0.4613159 ],
       [ 0.17000893],
       [ 3.08461936]]), array([[ 0.05763662],
       [ 0.16971603],
       [-3.10162408]]), array([[ 0.09245595],
       [ 0.10006668],
       [-0.05574801]]), array([[ 0.14317134],
       [ 0.19308155],
       [-0.1548396 ]])]
tvecs: [array([[  2.21203517],
       [  1.87640795],
       [ 12.62774042]]), array([[ -3.94869579],
       [ -2.41104877],
       [ 13.72286015]]), array([[  1.5353503 ],
       [  1.96217786],
       [ 11.4448555 ]]), array([[  3.79117461],
       [  1.84195382],
       [ 11.44705819]]), array([[  3.1731454 ],
       [  2.51960939],
       [ 10.84494711]]), array([[ -1.89308184],
       [ -2.05532264],
       [ 11.09726501]]), array([[  3.11129554],
       [  3.45914654],
       [ 13.16324635]]), array([[  2.48301413],
       [  1.99677147],
       [ 13.00225483]]), array([[  2.77542218],
       [  2.50000043],
       [ 13.91772002]]), array([[ -2.64948756],
       [ -2.12974398],
       [ 11.93678328]]), array([[ -3.25503231],
       [ -3.05625358],
       [ 13.78586448]])]
---------------------------------
/home/pi/Pictures/Chessboard/chessboard8.jpg


ret: 0.260785623099
mtx: [[ 491.06437097    0.          330.10494343]
 [   0.          491.7118659   241.7830578 ]
 [   0.            0.            1.        ]]
dist: [[ 0.14295146 -0.1645103   0.0018756  -0.00063837 -0.27816965]]
rvecs: [array([[ 0.12400291],
       [-0.56418636],
       [-3.03923021]]), array([[ 0.05532215],
       [-0.13106515],
       [-0.14841062]]), array([[-0.36811201],
       [-0.11134027],
       [-3.01801767]]), array([[-0.36322312],
       [ 0.36396292],
       [ 3.07914993]]), array([[-0.24023433],
       [-0.1479089 ],
       [-3.02766182]]), array([[ 0.12559259],
       [-0.15796576],
       [-0.07990127]]), array([[ 0.27792495],
       [-0.4150345 ],
       [-3.07349746]]), array([[-0.46308889],
       [ 0.1702419 ],
       [ 3.08432206]]), array([[ 0.0572146 ],
       [ 0.16993691],
       [-3.10156522]]), array([[ 0.09312307],
       [ 0.10065133],
       [-0.05575395]]), array([[ 0.1434195 ],
       [ 0.1936955 ],
       [-0.15480588]]), array([[-0.03832153],
       [-0.38811205],
       [-3.07515604]])]
tvecs: [array([[  2.19184662],
       [  1.87929063],
       [ 12.68009805]]), array([[ -3.97101203],
       [ -2.40767839],
       [ 13.77645334]]), array([[  1.51647892],
       [  1.96485672],
       [ 11.48749542]]), array([[  3.77383037],
       [  1.84454614],
       [ 11.49179886]]), array([[  3.15485619],
       [  2.52197618],
       [ 10.88289988]]), array([[ -1.9109006 ],
       [ -2.05248839],
       [ 11.13825075]]), array([[  3.09096635],
       [  3.46228028],
       [ 13.21515546]]), array([[  2.46289448],
       [  1.99992425],
       [ 13.05306486]]), array([[  2.75408881],
       [  2.50341931],
       [ 13.96804393]]), array([[ -2.66805739],
       [ -2.12692826],
       [ 11.9783207 ]]), array([[ -3.27567858],
       [ -3.05297879],
       [ 13.83143663]]), array([[  3.64040796],
       [  3.84706637],
       [ 12.67755451]])]
